catalog_number	name	basin	timestamp	lat_y	lon_x	max_wind_kts	min_cp_mb	sequence	fspeed_kts	is_landfall_point	rmax_nmi	gwaf
	MATTHEW		2016-09-28-12-00	13.4	-60.7	50.0	1008.0	0	3.343986600877574	0	15	0.9
	MATTHEW		2016-09-28-13-00	13.466666666666667	-60.91666666666667	50.0	1008.0	1	3.343986600877574	0	15	0.9
	MATTHEW		2016-09-28-14-00	13.533333333333333	-61.13333333333334	50.0	1008.0	2	3.343986600877574	0	15	0.9
	MATTHEW		2016-09-28-15-00	13.6	-61.35000000000001	50.0	1008.0	3	3.343986600877574	0	15	0.9
	MATTHEW		2016-09-28-16-00	13.666666666666666	-61.56666666666667	50.0	1008.0	4	3.343986600877574	0	15	0.9
	MATTHEW		2016-09-28-17-00	13.733333333333334	-61.78333333333333	50.0	1008.0	5	3.343986600877574	0	15	0.9
	MATTHEW		2016-09-28-18-00	13.8	-62.0	50.0	1008.0	6	13.262414303501986	0	15	0.9
	MATTHEW		2016-09-28-19-00	13.816666666666666	-62.18333333333334	50.0	1008.0	7	13.262414303501986	0	15	0.9
	MATTHEW		2016-09-28-20-00	13.833333333333334	-62.36666666666667	50.0	1008.0	8	13.262414303501986	0	15	0.9
	MATTHEW		2016-09-28-21-00	13.850000000000001	-62.55	50.0	1008.0	9	13.262414303501986	0	15	0.9
	MATTHEW		2016-09-28-22-00	13.866666666666667	-62.733333333333334	50.0	1008.0	10	13.262414303501986	0	15	0.9
	MATTHEW		2016-09-28-23-00	13.883333333333333	-62.91666666666667	50.0	1008.0	11	13.262414303501986	0	15	0.9
	MATTHEW		2016-09-29-00-00	13.9	-63.1	55.0	1004.0	12	10.734122712375934	0	15	0.9
	MATTHEW		2016-09-29-01-00	13.916666666666668	-63.36666666666667	55.0	1004.0	13	10.734122712375934	0	15	0.9
	MATTHEW		2016-09-29-02-00	13.933333333333334	-63.63333333333333	55.0	1004.0	14	10.734122712375934	0	15	0.9
	MATTHEW		2016-09-29-03-00	13.95	-63.9	55.0	1004.0	15	10.734122712375934	0	15	0.9
	MATTHEW		2016-09-29-04-00	13.966666666666667	-64.16666666666667	55.0	1004.0	16	10.734122712375934	0	15	0.9
	MATTHEW		2016-09-29-05-00	13.983333333333334	-64.43333333333334	55.0	1004.0	17	10.734122712375934	0	15	0.9
	MATTHEW		2016-09-29-06-00	14.0	-64.7	55.0	1002.0	18	15.570736062563894	0	15	0.9
	MATTHEW		2016-09-29-07-00	14.033333333333333	-64.96666666666667	55.0	1002.0	19	15.570736062563894	0	15	0.9
	MATTHEW		2016-09-29-08-00	14.066666666666666	-65.23333333333333	55.0	1002.0	20	15.570736062563894	0	15	0.9
	MATTHEW		2016-09-29-09-00	14.1	-65.5	55.0	1002.0	21	15.570736062563894	0	15	0.9
	MATTHEW		2016-09-29-10-00	14.133333333333333	-65.76666666666667	55.0	1002.0	22	15.570736062563894	0	15	0.9
	MATTHEW		2016-09-29-11-00	14.166666666666666	-66.03333333333333	55.0	1002.0	23	15.570736062563894	0	15	0.9
	MATTHEW		2016-09-29-12-00	14.2	-66.3	60.0	996.0	24	15.656821196127671	0	15	0.9
	MATTHEW		2016-09-29-13-00	14.183333333333334	-66.55	60.0	996.0	25	15.656821196127671	0	15	0.9
	MATTHEW		2016-09-29-14-00	14.166666666666666	-66.8	60.0	996.0	26	15.656821196127671	0	15	0.9
	MATTHEW		2016-09-29-15-00	14.149999999999999	-67.05	60.0	996.0	27	15.656821196127671	0	15	0.9
	MATTHEW		2016-09-29-16-00	14.133333333333333	-67.3	60.0	996.0	28	15.656821196127671	0	15	0.9
	MATTHEW		2016-09-29-17-00	14.116666666666667	-67.55	60.0	996.0	29	15.656821196127671	0	15	0.9
	MATTHEW		2016-09-29-18-00	14.1	-67.8	65.0	993.0	30	14.58903048936596	0	15	0.9
	MATTHEW		2016-09-29-19-00	14.1	-67.96666666666667	65.0	993.0	31	14.58903048936596	0	15	0.9
	MATTHEW		2016-09-29-20-00	14.1	-68.13333333333334	65.0	993.0	32	14.58903048936596	0	15	0.9
	MATTHEW		2016-09-29-21-00	14.1	-68.30000000000001	65.0	993.0	33	14.58903048936596	0	15	0.9
	MATTHEW		2016-09-29-22-00	14.1	-68.46666666666667	65.0	993.0	34	14.58903048936596	0	15	0.9
	MATTHEW		2016-09-29-23-00	14.1	-68.63333333333333	65.0	993.0	35	14.58903048936596	0	15	0.9
	MATTHEW		2016-09-30-00-00	14.1	-68.8	70.0	983.0	36	9.705256084496382	0	15	0.9
	MATTHEW		2016-09-30-01-00	14.1	-68.88333333333333	70.0	983.0	37	9.705256084496382	0	15	0.9
	MATTHEW		2016-09-30-02-00	14.1	-68.96666666666665	70.0	983.0	38	9.705256084496382	0	15	0.9
	MATTHEW		2016-09-30-03-00	14.1	-69.04999999999998	70.0	983.0	39	9.705256084496382	0	15	0.9
	MATTHEW		2016-09-30-04-00	14.1	-69.13333333333333	70.0	983.0	40	9.705256084496382	0	15	0.9
	MATTHEW		2016-09-30-05-00	14.1	-69.21666666666667	70.0	983.0	41	9.705256084496382	0	15	0.9
	MATTHEW		2016-09-30-06-00	14.1	-69.3	85.0	979.0	42	4.852630783857799	0	15	0.9
	MATTHEW		2016-09-30-07-00	14.083333333333332	-69.4	85.0	979.0	43	4.852630783857799	0	15	0.9
	MATTHEW		2016-09-30-08-00	14.066666666666666	-69.5	85.0	979.0	44	4.852630783857799	0	15	0.9
	MATTHEW		2016-09-30-09-00	14.05	-69.6	85.0	979.0	45	4.852630783857799	0	15	0.9
	MATTHEW		2016-09-30-10-00	14.033333333333333	-69.7	85.0	979.0	46	4.852630783857799	0	15	0.9
	MATTHEW		2016-09-30-11-00	14.016666666666666	-69.80000000000001	85.0	979.0	47	4.852630783857799	0	15	0.9
	MATTHEW		2016-09-30-12-00	14.0	-69.9	85.0	979.0	48	5.909765836104879	0	15	0.9
	MATTHEW		2016-09-30-13-00	13.95	-70.05000000000001	85.0	979.0	49	5.909765836104879	0	15	0.9
	MATTHEW		2016-09-30-14-00	13.899999999999999	-70.2	85.0	979.0	50	5.909765836104879	0	15	0.9
	MATTHEW		2016-09-30-15-00	13.849999999999998	-70.35	85.0	979.0	51	5.909765836104879	0	15	0.9
	MATTHEW		2016-09-30-16-00	13.799999999999999	-70.5	85.0	979.0	52	5.909765836104879	0	15	0.9
	MATTHEW		2016-09-30-17-00	13.75	-70.65	85.0	979.0	53	5.909765836104879	0	15	0.9
	MATTHEW		2016-09-30-18-00	13.7	-70.8	100.0	968.0	54	9.245180269820285	0	15	0.9
	MATTHEW		2016-09-30-19-00	13.666666666666666	-70.93333333333334	100.0	968.0	55	9.245180269820285	0	15	0.9
	MATTHEW		2016-09-30-20-00	13.633333333333333	-71.06666666666666	100.0	968.0	56	9.245180269820285	0	15	0.9
	MATTHEW		2016-09-30-21-00	13.6	-71.19999999999999	100.0	968.0	57	9.245180269820285	0	15	0.9
	MATTHEW		2016-09-30-22-00	13.566666666666666	-71.33333333333333	100.0	968.0	58	9.245180269820285	0	15	0.9
	MATTHEW		2016-09-30-23-00	13.533333333333333	-71.46666666666667	100.0	968.0	59	9.245180269820285	0	15	0.9
	MATTHEW		2016-10-01-00-00	13.5	-71.6	120.0	949.0	60	8.0341897107275	0	15	0.9
	MATTHEW		2016-10-01-01-00	13.433333333333334	-71.83333333333333	120.0	949.0	61	8.0341897107275	0	15	0.9
	MATTHEW		2016-10-01-02-00	13.366666666666667	-72.06666666666666	120.0	949.0	62	8.0341897107275	0	15	0.9
	MATTHEW		2016-10-01-03-00	13.3	-72.3	140.0	941.0	63	14.203696887050931	0	15	0.9
	MATTHEW		2016-10-01-04-00	13.3	-72.46666666666667	140.0	941.0	64	14.203696887050931	0	15	0.9
	MATTHEW		2016-10-01-05-00	13.3	-72.63333333333333	140.0	941.0	65	14.203696887050931	0	15	0.9
	MATTHEW		2016-10-01-06-00	13.3	-72.8	135.0	942.0	66	9.738352644675647	0	15	0.9
	MATTHEW		2016-10-01-07-00	13.316666666666666	-72.9	135.0	942.0	67	9.738352644675647	0	15	0.9
	MATTHEW		2016-10-01-08-00	13.333333333333334	-73.0	135.0	942.0	68	9.738352644675647	0	15	0.9
	MATTHEW		2016-10-01-09-00	13.350000000000001	-73.1	135.0	942.0	69	9.738352644675647	0	15	0.9
	MATTHEW		2016-10-01-10-00	13.366666666666667	-73.2	135.0	942.0	70	9.738352644675647	0	15	0.9
	MATTHEW		2016-10-01-11-00	13.383333333333333	-73.30000000000001	135.0	942.0	71	9.738352644675647	0	15	0.9
	MATTHEW		2016-10-01-12-00	13.4	-73.4	125.0	947.0	72	5.9268886085961014	0	15	0.9
	MATTHEW		2016-10-01-13-00	13.416666666666668	-73.4	125.0	947.0	73	5.9268886085961014	0	15	0.9
	MATTHEW		2016-10-01-14-00	13.433333333333334	-73.4	125.0	947.0	74	5.9268886085961014	0	15	0.9
	MATTHEW		2016-10-01-15-00	13.45	-73.4	125.0	947.0	75	5.9268886085961014	0	15	0.9
	MATTHEW		2016-10-01-16-00	13.466666666666667	-73.4	125.0	947.0	76	5.9268886085961014	0	15	0.9
	MATTHEW		2016-10-01-17-00	13.483333333333334	-73.4	125.0	947.0	77	5.9268886085961014	0	15	0.9
	MATTHEW		2016-10-01-18-00	13.5	-73.4	130.0	940.0	78	1.0006746501035966	0	15	0.9
	MATTHEW		2016-10-01-19-00	13.533333333333333	-73.42222222222223	130.0	940.0	79	1.0006746501035966	0	15	0.9
	MATTHEW		2016-10-01-20-00	13.566666666666666	-73.44444444444446	130.0	940.0	80	1.0006746501035966	0	15	0.9
	MATTHEW		2016-10-01-21-00	13.6	-73.46666666666668	130.0	940.0	81	1.0006746501035966	0	15	0.9
	MATTHEW		2016-10-01-22-00	13.633333333333333	-73.48888888888891	130.0	940.0	82	1.0006746501035966	0	15	0.9
	MATTHEW		2016-10-01-23-00	13.666666666666666	-73.51111111111112	130.0	940.0	83	1.0006746501035966	0	15	0.9
	MATTHEW		2016-10-02-00-00	13.7	-73.53333333333333	130.0	940.0	84	1.0006746501035966	0	15	0.9
	MATTHEW		2016-10-02-01-00	13.733333333333333	-73.55555555555556	130.0	940.0	85	1.0006746501035966	0	15	0.9
	MATTHEW		2016-10-02-02-00	13.766666666666666	-73.57777777777778	130.0	940.0	86	1.0006746501035966	0	15	0.9
	MATTHEW		2016-10-02-03-00	13.8	-73.6	130.0	940.0	87	2.384623913698734	0	15	0.9
	MATTHEW		2016-10-02-04-00	13.816666666666666	-73.68333333333332	130.0	940.0	88	2.384623913698734	0	15	0.9
	MATTHEW		2016-10-02-05-00	13.833333333333334	-73.76666666666665	130.0	940.0	89	2.384623913698734	0	15	0.9
	MATTHEW		2016-10-02-06-00	13.850000000000001	-73.85	130.0	940.0	90	2.384623913698734	0	15	0.9
	MATTHEW		2016-10-02-07-00	13.866666666666667	-73.93333333333332	130.0	940.0	91	2.384623913698734	0	15	0.9
	MATTHEW		2016-10-02-08-00	13.883333333333333	-74.01666666666665	130.0	940.0	92	2.384623913698734	0	15	0.9
	MATTHEW		2016-10-02-09-00	13.9	-74.1	130.0	940.0	93	4.959895630356351	0	15	0.9
	MATTHEW		2016-10-02-10-00	13.916666666666668	-74.18333333333332	130.0	940.0	94	4.959895630356351	0	15	0.9
	MATTHEW		2016-10-02-11-00	13.933333333333334	-74.26666666666665	130.0	940.0	95	4.959895630356351	0	15	0.9
	MATTHEW		2016-10-02-12-00	13.95	-74.35	130.0	940.0	96	4.959895630356351	0	15	0.9
	MATTHEW		2016-10-02-13-00	13.966666666666667	-74.43333333333332	130.0	940.0	97	4.959895630356351	0	15	0.9
	MATTHEW		2016-10-02-14-00	13.983333333333334	-74.51666666666665	130.0	940.0	98	4.959895630356351	0	15	0.9
	MATTHEW		2016-10-02-15-00	14.0	-74.6	120.0	947.0	99	4.95784097425671	0	15	0.9
	MATTHEW		2016-10-02-16-00	14.1	-74.63333333333333	120.0	947.0	100	4.95784097425671	0	15	0.9
	MATTHEW		2016-10-02-17-00	14.2	-74.66666666666666	120.0	947.0	101	4.95784097425671	0	15	0.9
	MATTHEW		2016-10-02-18-00	14.299999999999999	-74.69999999999999	120.0	947.0	102	4.95784097425671	0	15	0.9
	MATTHEW		2016-10-02-19-00	14.399999999999999	-74.73333333333332	120.0	947.0	103	4.95784097425671	0	15	0.9
	MATTHEW		2016-10-02-20-00	14.5	-74.76666666666665	120.0	947.0	104	4.95784097425671	0	15	0.9
	MATTHEW		2016-10-02-21-00	14.6	-74.8	125.0	945.0	105	6.309483772559855	0	15	0.9
	MATTHEW		2016-10-02-22-00	14.616666666666667	-74.83333333333333	125.0	945.0	106	6.309483772559855	0	15	0.9
	MATTHEW		2016-10-02-23-00	14.633333333333333	-74.86666666666666	125.0	945.0	107	6.309483772559855	0	15	0.9
	MATTHEW		2016-10-03-00-00	14.649999999999999	-74.89999999999999	125.0	945.0	108	6.309483772559855	0	15	0.9
	MATTHEW		2016-10-03-01-00	14.666666666666666	-74.93333333333332	125.0	945.0	109	6.309483772559855	0	15	0.9
	MATTHEW		2016-10-03-02-00	14.683333333333334	-74.96666666666667	125.0	945.0	110	6.309483772559855	0	15	0.9
	MATTHEW		2016-10-03-03-00	14.7	-75.0	125.0	943.0	111	2.179573486016566	0	15	0.9
	MATTHEW		2016-10-03-04-00	14.783333333333333	-74.98333333333333	125.0	943.0	112	2.179573486016566	0	15	0.9
	MATTHEW		2016-10-03-05-00	14.866666666666667	-74.96666666666667	125.0	943.0	113	2.179573486016566	0	15	0.9
	MATTHEW		2016-10-03-06-00	14.95	-74.95	125.0	943.0	114	2.179573486016566	0	15	0.9
	MATTHEW		2016-10-03-07-00	15.033333333333333	-74.93333333333334	125.0	943.0	115	2.179573486016566	0	15	0.9
	MATTHEW		2016-10-03-08-00	15.116666666666667	-74.91666666666667	125.0	943.0	116	2.179573486016566	0	15	0.9
	MATTHEW		2016-10-03-09-00	15.2	-74.9	115.0	943.0	117	5.095924348830633	0	15	0.9
	MATTHEW		2016-10-03-10-00	15.266666666666666	-74.91666666666667	115.0	943.0	118	5.095924348830633	0	15	0.9
	MATTHEW		2016-10-03-11-00	15.333333333333332	-74.93333333333334	115.0	943.0	119	5.095924348830633	0	15	0.9
	MATTHEW		2016-10-03-12-00	15.399999999999999	-74.95	115.0	943.0	120	5.095924348830633	0	15	0.9
	MATTHEW		2016-10-03-13-00	15.466666666666665	-74.96666666666667	115.0	943.0	121	5.095924348830633	0	15	0.9
	MATTHEW		2016-10-03-14-00	15.533333333333331	-74.98333333333333	115.0	943.0	122	5.095924348830633	0	15	0.9
	MATTHEW		2016-10-03-15-00	15.6	-75.0	120.0	941.0	123	4.117320238630247	0	15	0.9
	MATTHEW		2016-10-03-16-00	15.716666666666667	-74.95	120.0	941.0	124	4.117320238630247	0	15	0.9
	MATTHEW		2016-10-03-17-00	15.833333333333334	-74.9	120.0	941.0	125	4.117320238630247	0	15	0.9
	MATTHEW		2016-10-03-18-00	15.950000000000001	-74.85000000000001	120.0	941.0	126	4.117320238630247	0	15	0.9
	MATTHEW		2016-10-03-19-00	16.066666666666666	-74.80000000000001	120.0	941.0	127	4.117320238630247	0	15	0.9
	MATTHEW		2016-10-03-20-00	16.183333333333334	-74.75	120.0	941.0	128	4.117320238630247	0	15	0.9
	MATTHEW		2016-10-03-21-00	16.3	-74.7	120.0	940.0	129	7.576121079316491	0	15	0.9
	MATTHEW		2016-10-03-22-00	16.4	-74.68333333333334	120.0	940.0	130	7.576121079316491	0	15	0.9
	MATTHEW		2016-10-03-23-00	16.5	-74.66666666666667	120.0	940.0	131	7.576121079316491	0	15	0.9
	MATTHEW		2016-10-04-00-00	16.6	-74.65	120.0	940.0	132	7.576121079316491	0	15	0.9
	MATTHEW		2016-10-04-01-00	16.7	-74.63333333333334	120.0	940.0	133	7.576121079316491	0	15	0.9
	MATTHEW		2016-10-04-02-00	16.799999999999997	-74.61666666666667	120.0	940.0	134	7.576121079316491	0	15	0.9
	MATTHEW		2016-10-04-03-00	16.9	-74.6	125.0	934.0	135	6.080148211781765	0	15	0.9
	MATTHEW		2016-10-04-04-00	17.049999999999997	-74.56666666666666	125.0	934.0	136	6.080148211781765	0	15	0.9
	MATTHEW		2016-10-04-05-00	17.2	-74.53333333333333	125.0	934.0	137	6.080148211781765	0	15	0.9
	MATTHEW		2016-10-04-06-00	17.35	-74.5	125.0	934.0	138	6.080148211781765	0	15	0.9
	MATTHEW		2016-10-04-07-00	17.5	-74.46666666666667	125.0	934.0	139	6.080148211781765	0	15	0.9
	MATTHEW		2016-10-04-08-00	17.65	-74.43333333333334	125.0	934.0	140	6.080148211781765	0	15	0.9
	MATTHEW		2016-10-04-09-00	17.8	-74.4	125.0	934.0	141	9.206434696871858	0	15	0.9
	MATTHEW		2016-10-04-10-00	18.166666666666668	-74.36666666666667	125.0	934.0	142	9.206434696871858	0	15	0.9
	MATTHEW		2016-10-04-11-00	18.53333333333333	-74.33333333333334	125.0	934.0	143	9.206434696871858	0	15	0.9
	MATTHEW		2016-10-04-12-00	18.9	-74.3	125.0	950.0	144	22.096641131343855	0	15	0.9
	MATTHEW		2016-10-04-13-00	19.049999999999997	-74.3	125.0	950.0	145	22.096641131343855	0	15	0.9
	MATTHEW		2016-10-04-14-00	19.2	-74.3	125.0	950.0	146	22.096641131343855	0	15	0.9
	MATTHEW		2016-10-04-15-00	19.35	-74.3	125.0	950.0	147	22.096641131343855	0	15	0.9
	MATTHEW		2016-10-04-16-00	19.5	-74.3	125.0	950.0	148	22.096641131343855	0	15	0.9
	MATTHEW		2016-10-04-17-00	19.65	-74.3	125.0	950.0	149	22.096641131343855	0	15	0.9
	MATTHEW		2016-10-04-18-00	19.8	-74.3	120.0	949.0	150	9.00607185093242	0	15	0.9
	MATTHEW		2016-10-04-19-00	19.866666666666667	-74.3111111111111	120.0	949.0	151	9.00607185093242	0	15	0.9
	MATTHEW		2016-10-04-20-00	19.933333333333334	-74.32222222222222	120.0	949.0	152	9.00607185093242	0	15	0.9
	MATTHEW		2016-10-04-21-00	20.0	-74.33333333333333	120.0	949.0	153	9.00607185093242	0	15	0.9
	MATTHEW		2016-10-04-22-00	20.066666666666666	-74.34444444444443	120.0	949.0	154	9.00607185093242	0	15	0.9
	MATTHEW		2016-10-04-23-00	20.133333333333333	-74.35555555555555	120.0	949.0	155	9.00607185093242	0	15	0.9
	MATTHEW		2016-10-05-00-00	20.2	-74.36666666666667	120.0	949.0	156	9.00607185093242	0	15	0.9
	MATTHEW		2016-10-05-01-00	20.266666666666666	-74.37777777777778	120.0	949.0	157	9.00607185093242	0	15	0.9
	MATTHEW		2016-10-05-02-00	20.333333333333332	-74.38888888888889	120.0	949.0	158	9.00607185093242	0	15	0.9
	MATTHEW		2016-10-05-03-00	20.4	-74.4	115.0	950.0	159	4.051428730981556	0	15	0.9
	MATTHEW		2016-10-05-04-00	20.516666666666666	-74.43333333333334	115.0	950.0	160	4.051428730981556	0	15	0.9
	MATTHEW		2016-10-05-05-00	20.633333333333333	-74.46666666666667	115.0	950.0	161	4.051428730981556	0	15	0.9
	MATTHEW		2016-10-05-06-00	20.75	-74.5	115.0	950.0	162	4.051428730981556	0	15	0.9
	MATTHEW		2016-10-05-07-00	20.866666666666667	-74.53333333333333	115.0	950.0	163	4.051428730981556	0	15	0.9
	MATTHEW		2016-10-05-08-00	20.983333333333334	-74.56666666666666	115.0	950.0	164	4.051428730981556	0	15	0.9
	MATTHEW		2016-10-05-09-00	21.1	-74.6	110.0	962.0	165	7.250428125528448	0	15	0.9
	MATTHEW		2016-10-05-10-00	21.21666666666667	-74.69999999999999	110.0	962.0	166	7.250428125528448	0	15	0.9
	MATTHEW		2016-10-05-11-00	21.333333333333336	-74.8	110.0	962.0	167	7.250428125528448	0	15	0.9
	MATTHEW		2016-10-05-12-00	21.450000000000003	-74.9	110.0	962.0	168	7.250428125528448	0	15	0.9
	MATTHEW		2016-10-05-13-00	21.56666666666667	-75.0	110.0	962.0	169	7.250428125528448	0	15	0.9
	MATTHEW		2016-10-05-14-00	21.683333333333337	-75.1	110.0	962.0	170	7.250428125528448	0	15	0.9
	MATTHEW		2016-10-05-15-00	21.8	-75.2	105.0	962.0	171	8.960658283208911	0	15	0.9
	MATTHEW		2016-10-05-16-00	21.900000000000002	-75.23333333333333	105.0	962.0	172	8.960658283208911	0	15	0.9
	MATTHEW		2016-10-05-17-00	22.0	-75.26666666666667	105.0	962.0	173	8.960658283208911	0	15	0.9
	MATTHEW		2016-10-05-18-00	22.1	-75.3	105.0	963.0	174	6.28445114804829	0	15	0.9
	MATTHEW		2016-10-05-19-00	22.233333333333334	-75.43333333333334	105.0	963.0	175	6.28445114804829	0	15	0.9
	MATTHEW		2016-10-05-20-00	22.366666666666667	-75.56666666666666	105.0	963.0	176	6.28445114804829	0	15	0.9
	MATTHEW		2016-10-05-21-00	22.5	-75.7	105.0	963.0	177	10.90618157771358	0	15	0.9
	MATTHEW		2016-10-05-22-00	22.666666666666668	-75.8	105.0	963.0	178	10.90618157771358	0	15	0.9
	MATTHEW		2016-10-05-23-00	22.833333333333336	-75.9	105.0	963.0	179	10.90618157771358	0	15	0.9
	MATTHEW		2016-10-06-00-00	23.0	-76.0	100.0	962.0	180	11.43644871575958	0	15	0.9
	MATTHEW		2016-10-06-01-00	23.133333333333333	-76.13333333333334	100.0	962.0	181	11.43644871575958	0	15	0.9
	MATTHEW		2016-10-06-02-00	23.266666666666666	-76.26666666666668	100.0	962.0	182	11.43644871575958	0	15	0.9
	MATTHEW		2016-10-06-03-00	23.4	-76.4	100.0	961.0	183	10.873215387937172	0	15	0.9
	MATTHEW		2016-10-06-04-00	23.5	-76.5	100.0	961.0	184	10.873215387937172	0	15	0.9
	MATTHEW		2016-10-06-05-00	23.6	-76.6	100.0	961.0	185	10.873215387937172	0	15	0.9
	MATTHEW		2016-10-06-06-00	23.7	-76.7	100.0	954.0	186	8.145077117409011	0	15	0.9
	MATTHEW		2016-10-06-07-00	23.866666666666667	-76.83333333333333	100.0	954.0	187	8.145077117409011	0	15	0.9
	MATTHEW		2016-10-06-08-00	24.03333333333333	-76.96666666666667	100.0	954.0	188	8.145077117409011	0	15	0.9
	MATTHEW		2016-10-06-09-00	24.2	-77.1	110.0	944.0	189	12.395975158295974	0	15	0.9
	MATTHEW		2016-10-06-10-00	24.333333333333332	-77.23333333333333	110.0	944.0	190	12.395975158295974	0	15	0.9
	MATTHEW		2016-10-06-11-00	24.46666666666667	-77.36666666666667	110.0	944.0	191	12.395975158295974	0	15	0.9
	MATTHEW		2016-10-06-12-00	24.6	-77.5	110.0	940.0	192	10.827543742448128	0	15	0.9
	MATTHEW		2016-10-06-13-00	24.76666666666667	-77.6	110.0	940.0	193	10.827543742448128	0	15	0.9
	MATTHEW		2016-10-06-14-00	24.933333333333337	-77.69999999999999	110.0	940.0	194	10.827543742448128	0	15	0.9
	MATTHEW		2016-10-06-15-00	25.1	-77.8	120.0	940.0	195	11.393721067061207	0	15	0.9
	MATTHEW		2016-10-06-16-00	25.3	-78.0	120.0	940.0	196	11.393721067061207	0	15	0.9
	MATTHEW		2016-10-06-17-00	25.5	-78.2	120.0	940.0	197	11.393721067061207	0	15	0.9
	MATTHEW		2016-10-06-18-00	25.7	-78.4	120.0	939.0	198	16.181998597448644	0	15	0.9
	MATTHEW		2016-10-06-19-00	25.866666666666667	-78.46666666666667	120.0	939.0	199	16.181998597448644	0	15	0.9
	MATTHEW		2016-10-06-20-00	26.03333333333333	-78.53333333333333	120.0	939.0	200	16.181998597448644	0	15	0.9
	MATTHEW		2016-10-06-21-00	26.2	-78.6	120.0	938.0	201	10.634311459902454	0	15	0.9
	MATTHEW		2016-10-06-22-00	26.333333333333332	-78.7	120.0	938.0	202	10.634311459902454	0	15	0.9
	MATTHEW		2016-10-06-23-00	26.46666666666667	-78.80000000000001	120.0	938.0	203	10.634311459902454	0	15	0.9
	MATTHEW		2016-10-07-00-00	26.6	-78.9	115.0	939.0	204	9.64406220083559	0	15	0.9
	MATTHEW		2016-10-07-01-00	26.76666666666667	-79.0	115.0	939.0	205	9.64406220083559	0	15	0.9
	MATTHEW		2016-10-07-02-00	26.933333333333337	-79.1	115.0	939.0	206	9.64406220083559	0	15	0.9
	MATTHEW		2016-10-07-03-00	27.1	-79.2	115.0	939.0	207	11.35031084078441	0	15	0.9
	MATTHEW		2016-10-07-04-00	27.26666666666667	-79.36666666666667	115.0	939.0	208	11.35031084078441	0	15	0.9
	MATTHEW		2016-10-07-05-00	27.433333333333337	-79.53333333333333	115.0	939.0	209	11.35031084078441	0	15	0.9
	MATTHEW		2016-10-07-06-00	27.6	-79.7	105.0	938.0	210	13.384070131397104	0	15	0.9
	MATTHEW		2016-10-07-07-00	27.8	-79.8	105.0	938.0	211	13.384070131397104	0	15	0.9
	MATTHEW		2016-10-07-08-00	28.0	-79.9	105.0	938.0	212	13.384070131397104	0	15	0.9
	MATTHEW		2016-10-07-09-00	28.2	-80.0	105.0	938.0	213	13.128188357092613	0	15	0.9
	MATTHEW		2016-10-07-10-00	28.433333333333334	-80.1	105.0	938.0	214	13.128188357092613	0	15	0.9
	MATTHEW		2016-10-07-11-00	28.666666666666664	-80.19999999999999	105.0	938.0	215	13.128188357092613	0	15	0.9
	MATTHEW		2016-10-07-12-00	28.9	-80.3	105.0	944.0	216	14.969252377612955	0	15	0.9
	MATTHEW		2016-10-07-13-00	29.066666666666666	-80.36666666666666	105.0	944.0	217	14.969252377612955	0	15	0.9
	MATTHEW		2016-10-07-14-00	29.233333333333334	-80.43333333333334	105.0	944.0	218	14.969252377612955	0	15	0.9
	MATTHEW		2016-10-07-15-00	29.4	-80.5	105.0	947.0	219	10.59976735517347	0	15	0.9
	MATTHEW		2016-10-07-16-00	29.555555555555554	-80.52222222222223	105.0	947.0	220	10.59976735517347	0	15	0.9
	MATTHEW		2016-10-07-17-00	29.71111111111111	-80.54444444444445	105.0	947.0	221	10.59976735517347	0	15	0.9
	MATTHEW		2016-10-07-18-00	29.866666666666664	-80.56666666666668	105.0	947.0	222	10.59976735517347	0	15	0.9
	MATTHEW		2016-10-07-19-00	30.02222222222222	-80.5888888888889	105.0	947.0	223	10.59976735517347	0	15	0.9
	MATTHEW		2016-10-07-20-00	30.177777777777774	-80.61111111111113	105.0	947.0	224	10.59976735517347	0	15	0.9
	MATTHEW		2016-10-07-21-00	30.33333333333333	-80.63333333333335	105.0	947.0	225	10.59976735517347	0	15	0.9
	MATTHEW		2016-10-07-22-00	30.488888888888887	-80.65555555555557	105.0	947.0	226	10.59976735517347	0	15	0.9
	MATTHEW		2016-10-07-23-00	30.644444444444446	-80.67777777777778	105.0	947.0	227	10.59976735517347	0	15	0.9
	MATTHEW		2016-10-08-00-00	30.8	-80.7	100.0		228	9.410685197963833	0	15	0.9
	MATTHEW		2016-10-08-01-00	30.941666666666666	-80.63333333333334	100.0		229	9.410685197963833	0	15	0.9
	MATTHEW		2016-10-08-02-00	31.083333333333332	-80.56666666666668	100.0		230	9.410685197963833	0	15	0.9
	MATTHEW		2016-10-08-03-00	31.224999999999998	-80.50000000000001	100.0		231	9.410685197963833	0	15	0.9
	MATTHEW		2016-10-08-04-00	31.366666666666664	-80.43333333333335	100.0		232	9.410685197963833	0	15	0.9
	MATTHEW		2016-10-08-05-00	31.50833333333333	-80.36666666666669	100.0		233	9.410685197963833	0	15	0.9
	MATTHEW		2016-10-08-06-00	31.649999999999995	-80.30000000000003	100.0		234	9.410685197963833	0	15	0.9
	MATTHEW		2016-10-08-07-00	31.791666666666664	-80.23333333333335	100.0		235	9.410685197963833	0	15	0.9
	MATTHEW		2016-10-08-08-00	31.93333333333333	-80.16666666666669	100.0		236	9.410685197963833	0	15	0.9
	MATTHEW		2016-10-08-09-00	32.074999999999996	-80.10000000000002	100.0		237	9.410685197963833	0	15	0.9
	MATTHEW		2016-10-08-10-00	32.21666666666666	-80.03333333333335	100.0		238	9.410685197963833	0	15	0.9
	MATTHEW		2016-10-08-11-00	32.358333333333334	-79.96666666666667	100.0		239	9.410685197963833	0	15	0.9
	MATTHEW		2016-10-08-12-00	32.5	-79.9	85.0		240	9.162742327648713	0	15	0.9
	MATTHEW		2016-10-08-13-00	32.583333333333336	-79.75	85.0		241	9.162742327648713	0	15	0.9
	MATTHEW		2016-10-08-14-00	32.66666666666667	-79.6	85.0		242	9.162742327648713	0	15	0.9
	MATTHEW		2016-10-08-15-00	32.75000000000001	-79.44999999999999	85.0		243	9.162742327648713	0	15	0.9
	MATTHEW		2016-10-08-16-00	32.83333333333334	-79.29999999999998	85.0		244	9.162742327648713	0	15	0.9
	MATTHEW		2016-10-08-17-00	32.91666666666667	-79.14999999999998	85.0		245	9.162742327648713	0	15	0.9
	MATTHEW		2016-10-08-18-00	33.00000000000001	-78.99999999999999	85.0		246	9.162742327648713	0	15	0.9
	MATTHEW		2016-10-08-19-00	33.08333333333334	-78.85	85.0		247	9.162742327648713	0	15	0.9
	MATTHEW		2016-10-08-20-00	33.16666666666667	-78.69999999999999	85.0		248	9.162742327648713	0	15	0.9
	MATTHEW		2016-10-08-21-00	33.25	-78.54999999999998	85.0		249	9.162742327648713	0	15	0.9
	MATTHEW		2016-10-08-22-00	33.333333333333336	-78.39999999999999	85.0		250	9.162742327648713	0	15	0.9
	MATTHEW		2016-10-08-23-00	33.41666666666667	-78.25	85.0		251	9.162742327648713	0	15	0.9
	MATTHEW		2016-10-09-00-00	33.5	-78.1	75.0		252	9.059735363558683	0	15	0.9
	MATTHEW		2016-10-09-01-00	33.5	-77.925	75.0		253	9.059735363558683	0	15	0.9
	MATTHEW		2016-10-09-02-00	33.5	-77.75	75.0		254	9.059735363558683	0	15	0.9
	MATTHEW		2016-10-09-03-00	33.5	-77.575	75.0		255	9.059735363558683	0	15	0.9
	MATTHEW		2016-10-09-04-00	33.5	-77.4	75.0		256	9.059735363558683	0	15	0.9
	MATTHEW		2016-10-09-05-00	33.5	-77.22500000000001	75.0		257	9.059735363558683	0	15	0.9
	MATTHEW		2016-10-09-06-00	33.5	-77.05000000000001	75.0		258	9.059735363558683	0	15	0.9
	MATTHEW		2016-10-09-07-00	33.5	-76.87500000000001	75.0		259	9.059735363558683	0	15	0.9
	MATTHEW		2016-10-09-08-00	33.5	-76.70000000000002	75.0		260	9.059735363558683	0	15	0.9
	MATTHEW		2016-10-09-09-00	33.5	-76.525	75.0		261	9.059735363558683	0	15	0.9
	MATTHEW		2016-10-09-10-00	33.5	-76.35000000000001	75.0		262	9.059735363558683	0	15	0.9
	MATTHEW		2016-10-09-11-00	33.5	-76.17500000000001	75.0		263	9.059735363558683	0	15	0.9
	MATTHEW		2016-10-09-12-00	33.5	-76.0	60.0		264	8.761558820905543	0	15	0.9
	MATTHEW		2016-10-09-13-00	33.4375	-75.91666666666667	60.0		265	8.761558820905543	0	15	0.9
	MATTHEW		2016-10-09-14-00	33.375	-75.83333333333334	60.0		266	8.761558820905543	0	15	0.9
	MATTHEW		2016-10-09-15-00	33.3125	-75.75000000000001	60.0		267	8.761558820905543	0	15	0.9
	MATTHEW		2016-10-09-16-00	33.25	-75.66666666666669	60.0		268	8.761558820905543	0	15	0.9
	MATTHEW		2016-10-09-17-00	33.1875	-75.58333333333336	60.0		269	8.761558820905543	0	15	0.9
	MATTHEW		2016-10-09-18-00	33.125	-75.50000000000003	60.0		270	8.761558820905543	0	15	0.9
	MATTHEW		2016-10-09-19-00	33.0625	-75.4166666666667	60.0		271	8.761558820905543	0	15	0.9
	MATTHEW		2016-10-09-20-00	33.0	-75.33333333333337	60.0		272	8.761558820905543	0	15	0.9
	MATTHEW		2016-10-09-21-00	32.9375	-75.25000000000003	60.0		273	8.761558820905543	0	15	0.9
	MATTHEW		2016-10-09-22-00	32.875	-75.1666666666667	60.0		274	8.761558820905543	0	15	0.9
	MATTHEW		2016-10-09-23-00	32.8125	-75.08333333333337	60.0		275	8.761558820905543	0	15	0.9
	MATTHEW		2016-10-10-00-00	32.75	-75.00000000000003	60.0		276	8.761558820905543	0	15	0.9
	MATTHEW		2016-10-10-01-00	32.6875	-74.91666666666669	60.0		277	8.761558820905543	0	15	0.9
	MATTHEW		2016-10-10-02-00	32.625	-74.83333333333336	60.0		278	8.761558820905543	0	15	0.9
	MATTHEW		2016-10-10-03-00	32.5625	-74.75000000000003	60.0		279	8.761558820905543	0	15	0.9
	MATTHEW		2016-10-10-04-00	32.5	-74.66666666666669	60.0		280	8.761558820905543	0	15	0.9
	MATTHEW		2016-10-10-05-00	32.4375	-74.58333333333334	60.0		281	8.761558820905543	0	15	0.9
	MATTHEW		2016-10-10-06-00	32.375	-74.50000000000001	60.0		282	8.761558820905543	0	15	0.9
	MATTHEW		2016-10-10-07-00	32.3125	-74.41666666666669	60.0		283	8.761558820905543	0	15	0.9
	MATTHEW		2016-10-10-08-00	32.25	-74.33333333333334	60.0		284	8.761558820905543	0	15	0.9
	MATTHEW		2016-10-10-09-00	32.1875	-74.25	60.0		285	8.761558820905543	0	15	0.9
	MATTHEW		2016-10-10-10-00	32.125	-74.16666666666667	60.0		286	8.761558820905543	0	15	0.9
	MATTHEW		2016-10-10-11-00	32.0625	-74.08333333333334	60.0		287	8.761558820905543	0	15	0.9
	MATTHEW		2016-10-10-12-00	32.0	-74.0	50.0		288	5.637927104169432	0	15	0.9
	MATTHEW		2016-10-10-13-00	31.833333333333332	-74.04166666666667	50.0		289	5.637927104169432	0	15	0.9
	MATTHEW		2016-10-10-14-00	31.666666666666664	-74.08333333333334	50.0		290	5.637927104169432	0	15	0.9
	MATTHEW		2016-10-10-15-00	31.499999999999996	-74.12500000000001	50.0		291	5.637927104169432	0	15	0.9
	MATTHEW		2016-10-10-16-00	31.33333333333333	-74.16666666666669	50.0		292	5.637927104169432	0	15	0.9
	MATTHEW		2016-10-10-17-00	31.16666666666666	-74.20833333333336	50.0		293	5.637927104169432	0	15	0.9
	MATTHEW		2016-10-10-18-00	30.999999999999993	-74.25000000000003	50.0		294	5.637927104169432	0	15	0.9
	MATTHEW		2016-10-10-19-00	30.833333333333325	-74.2916666666667	50.0		295	5.637927104169432	0	15	0.9
	MATTHEW		2016-10-10-20-00	30.666666666666657	-74.33333333333337	50.0		296	5.637927104169432	0	15	0.9
	MATTHEW		2016-10-10-21-00	30.499999999999993	-74.37500000000003	50.0		297	5.637927104169432	0	15	0.9
	MATTHEW		2016-10-10-22-00	30.333333333333325	-74.4166666666667	50.0		298	5.637927104169432	0	15	0.9
	MATTHEW		2016-10-10-23-00	30.166666666666657	-74.45833333333337	50.0		299	5.637927104169432	0	15	0.9
	MATTHEW		2016-10-11-00-00	29.999999999999993	-74.50000000000003	50.0		300	5.637927104169432	0	15	0.9
	MATTHEW		2016-10-11-01-00	29.83333333333333	-74.54166666666669	50.0		301	5.637927104169432	0	15	0.9
	MATTHEW		2016-10-11-02-00	29.66666666666666	-74.58333333333336	50.0		302	5.637927104169432	0	15	0.9
	MATTHEW		2016-10-11-03-00	29.499999999999993	-74.62500000000003	50.0		303	5.637927104169432	0	15	0.9
	MATTHEW		2016-10-11-04-00	29.33333333333333	-74.66666666666669	50.0		304	5.637927104169432	0	15	0.9
	MATTHEW		2016-10-11-05-00	29.166666666666664	-74.70833333333334	50.0		305	5.637927104169432	0	15	0.9
	MATTHEW		2016-10-11-06-00	28.999999999999996	-74.75000000000001	50.0		306	5.637927104169432	0	15	0.9
	MATTHEW		2016-10-11-07-00	28.83333333333333	-74.79166666666669	50.0		307	5.637927104169432	0	15	0.9
	MATTHEW		2016-10-11-08-00	28.666666666666664	-74.83333333333334	50.0		308	5.637927104169432	0	15	0.9
	MATTHEW		2016-10-11-09-00	28.5	-74.875	50.0		309	5.637927104169432	0	15	0.9
	MATTHEW		2016-10-11-10-00	28.333333333333332	-74.91666666666667	50.0		310	5.637927104169432	0	15	0.9
	MATTHEW		2016-10-11-11-00	28.166666666666664	-74.95833333333334	50.0		311	5.637927104169432	0	15	0.9
	MATTHEW		2016-10-11-12-00	28.0	-75.0	35.0		312	10.238406073190758	0	15	0.9
	MATTHEW		2016-10-11-13-00	27.958333333333332	-75.04166666666667	35.0		313	10.238406073190758	0	15	0.9
	MATTHEW		2016-10-11-14-00	27.916666666666664	-75.08333333333334	35.0		314	10.238406073190758	0	15	0.9
	MATTHEW		2016-10-11-15-00	27.874999999999996	-75.12500000000001	35.0		315	10.238406073190758	0	15	0.9
	MATTHEW		2016-10-11-16-00	27.83333333333333	-75.16666666666669	35.0		316	10.238406073190758	0	15	0.9
	MATTHEW		2016-10-11-17-00	27.79166666666666	-75.20833333333336	35.0		317	10.238406073190758	0	15	0.9
	MATTHEW		2016-10-11-18-00	27.749999999999993	-75.25000000000003	35.0		318	10.238406073190758	0	15	0.9
	MATTHEW		2016-10-11-19-00	27.708333333333325	-75.2916666666667	35.0		319	10.238406073190758	0	15	0.9
	MATTHEW		2016-10-11-20-00	27.666666666666657	-75.33333333333337	35.0		320	10.238406073190758	0	15	0.9
	MATTHEW		2016-10-11-21-00	27.624999999999993	-75.37500000000003	35.0		321	10.238406073190758	0	15	0.9
	MATTHEW		2016-10-11-22-00	27.583333333333325	-75.4166666666667	35.0		322	10.238406073190758	0	15	0.9
	MATTHEW		2016-10-11-23-00	27.541666666666657	-75.45833333333337	35.0		323	10.238406073190758	0	15	0.9
	MATTHEW		2016-10-12-00-00	27.499999999999993	-75.50000000000003	35.0		324	10.238406073190758	0	15	0.9
	MATTHEW		2016-10-12-01-00	27.45833333333333	-75.54166666666669	35.0		325	10.238406073190758	0	15	0.9
	MATTHEW		2016-10-12-02-00	27.41666666666666	-75.58333333333336	35.0		326	10.238406073190758	0	15	0.9
	MATTHEW		2016-10-12-03-00	27.374999999999993	-75.62500000000003	35.0		327	10.238406073190758	0	15	0.9
	MATTHEW		2016-10-12-04-00	27.33333333333333	-75.66666666666669	35.0		328	10.238406073190758	0	15	0.9
	MATTHEW		2016-10-12-05-00	27.291666666666664	-75.70833333333334	35.0		329	10.238406073190758	0	15	0.9
	MATTHEW		2016-10-12-06-00	27.249999999999996	-75.75000000000001	35.0		330	10.238406073190758	0	15	0.9
	MATTHEW		2016-10-12-07-00	27.20833333333333	-75.79166666666669	35.0		331	10.238406073190758	0	15	0.9
	MATTHEW		2016-10-12-08-00	27.166666666666664	-75.83333333333334	35.0		332	10.238406073190758	0	15	0.9
	MATTHEW		2016-10-12-09-00	27.125	-75.875	35.0		333	10.238406073190758	0	15	0.9
	MATTHEW		2016-10-12-10-00	27.083333333333332	-75.91666666666667	35.0		334	10.238406073190758	0	15	0.9
	MATTHEW		2016-10-12-11-00	27.041666666666664	-75.95833333333334	35.0		335	10.238406073190758	0	15	0.9
